$ANSIBLE_VAULT;1.1;AES256
62663363353263333531383135386563326238373933303239343831646165303766653937653339
3736613637616539313935396430323262383036613531660a386231316233373238636439616365
33323061313639313466656463323636653934366561636430303534376562346362336362646466
6431653665396665330a336361366563616263376433633966306262303761663862666133313934
39366135313032653066653734316364626166303936643231653338633366333334366139636164
37663263356532336430393231353834396237383336623365646436363131303666306261336136
63366435313364393830323731306638353133666365613466393134363038666438356336633262
31346437626435343838323763346630313536653136356239326164643833326164323736376165
37633130653332383461373461303932623236656335303834313232643537383035656331666562
38623037653336336132623265623663663163643034636633326233393166386630653930623834
34383436346361306362396563313335646136306639623065366437376634643732613261356233
62626161383738323739643566663734656664643837613636376463386339666362383630653635
36313965633165353436373338393034353531343132333036623731323636393065326236666637
39653138373939363931666333353662396431626439633433386330386165666139363363613264
30643331306539633337313062653331316137366635303232323332326139326162626635623962
35303634316465343466626333623234343937376663363433383535333537316461356664643939
64623731363035623338366231346437376235326431363535396465333637636139326638343265
34636166306164363433333338633335393262336161623531643034373861323731366165326661
37343466643237383135323734333135613132343862666433613036313937353366346663633634
65353462343137303134353034666639623065633264336165633165323332383435666230303365
30303162343636323561313331396331623936643630626232636438323663383436356163313036
32316133356463643334663762383363656666383962316234353363303130356332656537333139
65306361346462376166326337346139383933653465363633633537373063666566656364333831
32366665393866393939
