$ANSIBLE_VAULT;1.1;AES256
62616635353735383534316663633563333331356530656230636530316337663662346562303736
3336376164613761653535366130616363643330376535620a633332646635333233343362353561
31396363613164326435333632323335663337313364316336313261353732656461333164383735
3663353235303132630a666130323766323932396135373534393534343061306333326432626163
65646465356462343535396634336637356435396332343436666134396163613733306264353032
37653934663765373839306135303562303930333031366465366430626166386161653934323564
66336337653935613264333236353436393131613831626161643461383865376330346336646132
62656237613033643561396533636334376436393462653035393138636633326362383134363138
35366334336432396539396432636333303530393062323535386635623331666462653332626636
33363664653836643336316435303830363861336533613066336135336138313363343131613362
33613434666261363139653234383839336532326363333034356539656136666433616363303936
36313665383337656534333438613565663935383332363931373431633162333035353932306432
36306237383861616266653466366165313363393339343234326664383434626338366339666365
61613266613737323064313933393836613039613333636431386463313163663664356265653763
37336431653435316462393035363339386633623864353264303166343235333731373666653363
63393036633863306139616439623133376666616463313361663631653664633665356662323334
64663735316636666638306563366565653361363766386137346232633538396561663330633734
66616634393837613337633330646262363935396332626333633035366336373739643061343162
35303266653762393734323963656535393735313566616261346432626162393032373636353137
38303366383561613862373961356336633965636534326263323233373737343364383836323933
36336137373231353732663239646361623062643335633464396531326261373065643333616332
33393631333865326336313262663065356539363735343631383338623938663734356366353031
62613135656633306337383332313139373862646232626636353364613034633332313335346634
62633235313134323639326661626539323736313861396332303438353831653739313363393765
6637
