$ANSIBLE_VAULT;1.1;AES256
30663963373932633435633634313130373432373839623030323334316366393635666534633536
6537353130653836323364303430313031653865643539330a323664646237326164383763343166
37343466386562356437353335373736386139356665656638633739646631363964373639346365
3633306662633161380a316639306564633937363836316236633638376334623261333331316337
38623235636266653861353531383865393463373661373337346630633233613937653533383037
34336336656433626337613365346336353238373635376634363336633537633163303132613530
64653639643262333863613166363963326131306133663062346261643365353534326137376430
39343162386439323537383338383263303662353632653236343532616637326339326262633233
61386238313832393833323164663861653736343162316230373935646365363065376666646434
63663765336131303836323061333866343534353930373234383235383130326165653932613230
35386363373562316337393838343066653635356466613037316432633338663139333937663235
62336331653765613631323365636435326230303964356661666331376233323366363063343836
36646334613536363637633765623034326264333738396634333839366262316337326539376561
30323036356235613464636263353531613634303162323761636436336130616537336132356339
32353936366136376634623261633063626561356330383932366131363365613464663863626638
30663430393566396436316561343066366565653030303665363236376531316331333435613730
37323235323036633635323331663732326263653635343337386130373238323935653239393063
33333865343362623431373236633966393134336436333963366461326464303736633264653630
35363430656665346664376463333335353363396632383935343661616536656661356636643234
66313133646339353433383966333161666535373530366332383039663763326362643264356364
38363965376130313065343933303133363934323132333231316338336164336665613534356666
61363230303139623432336636326464386266376338316565373532323132663430656163326136
38616661653931636230333963363963653030396564383636333636623865373432313564663965
62363038326161303339323535623033373837643338643632323461323865366631626636313663
32343464326262653361393039656663653066383630306264393061313264333863
