$ANSIBLE_VAULT;1.1;AES256
36663963376234336335343034356165313634613239616534373238303163626664386266313332
3830616663653534343331316163346464333238326365380a353037313038633737356665666132
64393137346562393239663464313335373061323265386664646435353866643261383464316131
3135393531623639610a346232383534303866383434356136396533643434363037616630376463
30333536356632373162636337306161623363633230396438396463383535616261366634623336
32356536643164666361653436373233623738306431343564633239623135653632306432646232
65373235653838616566643233656662316561623334373134613435313866383035366462356661
64326237633030303934306231343736326138373861313239656336663661666364336131356131
34326337303538303137613061616364666336353963336165376438633338623639396162316461
66663432656462643364656263366431386164393239336637613565633262646566346134303230
39633134623165643861393832323839663162366436653530383361646230646366346332353637
64636165346432623662663033336564613631396139356466613636326339373263616337363237
32633766633131386632363030623135393430376130333130653536643461653230616261376561
33373836376535663732626539343833666363353830373733636136343831366131656262333436
32653165383165313066316162643034613430353834646234616138353735383165636533393933
32643735626630343134393563306664643665643436663836383335363635303531383363306561
39336133376631303230646232636136656564663435356631623737363261343932376634643039
64363633306636346366313830373838366562386338353236363462626331666633666237363461
64356630653231353035626632383934383863656432396631346462373634613134323931636461
35376461653838343263346137643766643039393161306364633333643138633530613562333634
30373363396635313934663139353230303062376366316534383238613039653430323936613335
35353232363039636236336165666130633863326331363434343063386361666362373236636235
65336564353762313530313838653164663566653833303030636634656663366464353063363639
65663665663734336263346538656639616465343530303461373061666236363837613735353766
6531
