$ANSIBLE_VAULT;1.1;AES256
63623964396135306432386466313564396530396637343632386336363134333431353833336564
3166353334626164396636636139343466646461376236300a393561363036323562336165303837
36663765336630613037653031656536313732653632303364326365313866363730653339643531
3661373761343737340a333863643934363138333932636436313433306336396564383031653062
61353734363361313235346239643963346134653063356565643638653636616432333038323431
35363232356530636366663738373935626563613462643331653162313264643131333138633435
36616230613032396131326539663664376338386566303639313862373735636533303065306430
35373433313365343466663934313430303034303961313533633931376539386630613035396664
30646330336432376233306462303730393039613266333862386536396339346661303038383366
32343133653462333966376434623739666162306533333238366263396336303639313734376131
66346433613937393366336166383933353336373635306363373666383135333737633638393537
65643634653564353436646237313239303036366662386530623935333738376638633265666263
61356136353436366630633537653938623665613837656264303966373937666565386532666632
63336334613464306530626137373264633335623634343766303838666138656133366633393735
39333630396238366464333437333436663033336365353837373564383834343630666236366535
63326364626131363236346336636332323063306332643231323162383831343739653231623030
62613131613034353535316632313530326161363539343630373632643461613330363231613831
37343666346631396332373738303261366436363863356338376361333763343561643963643862
63366162306566313535383035656465383765633032636430663134316634363739623161613934
65383234646364353365373362626138336262336638303764363630303833393635663933393238
36666464326131373565356137623665653931333837313536386261613732303638336636376663
66383937316265306264623538323235646566326537653632346434326438363765376332656333
66383932616236343761363630616431326236353762356332616562336535333730636264376164
35626630643665333066633235366665373233366363623436316236383632306364346330373961
6532
