$ANSIBLE_VAULT;1.1;AES256
32656337616135613961336436343731396433393139303638633635316636656239663038623066
6238663533333461333435316662333031663734396362650a353936316264636334313264666563
35356430623663333533623033303036353436363063353637616239323265393935303332353038
3964663339636163350a326133373834633265666638626236653063396362633534383233353263
37363035306138346435663064343839343862633662373633306563613230386237366237623435
38653439386264373864613265643761353835333766323736373264373537306538373962356264
30313466303466373663363662333332356437343966313538636662356232653863653761383662
35303138626231663032313966316334353934663432656664363733373731373338363163373266
33326565656535623563343637373331326165616666303938633631346539353362633036376132
65616463386466363634386564646537646361323962656233326639306637623463343835626132
30323039313562333833306363383764663062653135333134313262373265366162643137623237
37623237346332393837653239306638646363383066333431396534383437366131303565326266
63366133653864663563646135363465666463623336303732643634346139636434373166376131
32613139363834653230316636373731646631613735343437663536376631623264306162653036
30356166306235383563623039643663336462356435633235326361336263383137316566383839
64313936366531333639643234373063643330346539306166366661623233353732633735323765
62323762303438623463633364393633656661306337386164353230663539356264376130353034
64336434386463613632373735666338613231663963623230356163643034386534663762333866
61333132336534333166376262336431393337646232346535333064323964383339373737346139
33343335313532306364376363333034653764363731323538326363643137326432356633383432
39633263366165366239343937643331373034623932623061343933353939333233323264303662
39323862323238626333643237376331353464313064393230653332313439353061306662303162
61333630383832353536306131323134353062336363373535313231336132316437326235643264
34396131383638656465313839613035363236613561383265386462363435663136333633396631
3162
