$ANSIBLE_VAULT;1.1;AES256
36663031643766643831323563333631633034626337396639623138643261383466303732333663
3964633465643234363034346431336163613764373137370a373165363139663335363464653838
37386632373038343438633963316235633365616564633838346261346434343665643163333634
3165333832383064350a343135343933663435383566643935363231353933373038633435663939
37663862343963613633643939653734333038303331343630383766376431326161346130313937
32663736653966346532626363326362626130653630366238613135363437326236663337643061
30663634346162383662353963666163656536623734666535626362376363636164623336656237
61326131383633373939323564663635363863633338356338653866353230623361366532346435
64396133636435333961303637366538336462666637633431323837376364373837353664363966
39376434666235383761306232646562313561333439313166373961343361396337646337383639
38333063643639343636323833353766633131386535623334623338653430306137323262366337
65373230376138663061313864633563333434616365656231333539393663623565636539383764
37643336646166313866323864616561336135373662356265643964663130396264663637396165
66623931323430656634346362353839356662343164646336383861366162343839393832306461
36653932343939323364323135373830336334306536646531383832393230356639633464323530
35323936363733313663623635303033333130623839666434333930656530653935613931633435
64303733333337333730633134616431373035633030343432613563633733613430343038643833
37643832626663376434373430356462663830333661396438303761366534643065666134393163
30313738376335353966363137373130373463623164333830326130323234336335383266373134
65643734353739343633346135396664616632343065343364636435363238313737386531616135
31343864613062343762643138616361343438626166333134366431343462393338356539346430
30666539346166363139363934326561346162616131623132636235646139396163626663396261
38633962626139613436656162363031313862303436363533636135366436376433623661663037
30346164333834366434353532343662663362656463323037396164323264383535346564343831
6538
