$ANSIBLE_VAULT;1.1;AES256
38303831303930646161383835353038366664373466623666383564353233613664386366366138
6534313831633730656462326161353966303235366533300a323731383763653564626335666464
33353939666438363163613434373132323438646331636464613530666132333866333137353466
3365333934343165310a626330326266653836623531646662366330343939396538376238343062
37653335626537643164313139303832656466393337636232623631663136386262616437393465
38643435356238633332653835353431316234386436363031373230343464346335343636326664
34346334356634383135353531623030643435666437626661356538376534326634316561343234
34646561346266643432353836363634366132343363336463643632366563653232323562306165
66366135386633366331646563336633306466376435393266343732323530363661383062623736
37383932383933663133376239356634316236353765663531633663373939633631326336613466
35303334383235386461666462336661663834656632663130636363313061353866306465326531
38636264366537633166363934666630373030613563636162326230616231376266646230613431
38613761666636393265636535623265306464636631373061313735363363376436366231363232
66306666613233346262666137353934356562633161623664343261643032333230323932366635
39326235396137613236643436343332613230313133313837383761303434373038333365336532
37323966653963326233653231613231616231316130656332303232393738393764343565303234
31376630343365656233336435336238633366333963633365383538376261303762313162363131
35383332656136613038363832653432303930336634316638333230633663383962373234333364
33386537623438303638313361383838613738326332646132623435333835376464313632653261
63373635663465393562393665623034646238633066343539333238356562353534306566666538
30323863653765373437633137336330623039633565383531653164393932343163653063636533
34653661613565326536646631353734323362353365623966313035306133383062313666313061
31613763616364313637346534633664653539616132636633646362316462303233303064333730
38303632656639366464313234363765303537353131623463666638393937316131376138373963
3166
