$ANSIBLE_VAULT;1.1;AES256
32393665303562343234303263666462336134316461363135656134363739323264653738333462
3962353435613331623839373037636136613366353762610a383439363734303566356533636264
36616165303365636635386232313564616431393537613231616631373136613331616337313965
3133626536613866350a336265316535616334636366393666616264356261353035666531323164
33663237313431353936653239333863383562333663396339666630633539626464656139313065
33353365613063636131383639653336613739386363383863363033343631643332623839663561
36653063356232613930626666303832643235396361626337313830623864636438626531656134
63386532393666636431333262383165376139306263363035306338323261623263326465326261
37383362646263643937663035366331653938653534356161343361356362363561636132326338
37356466663630393235336637363336626636396238373465643530666235646331373361336433
35303665633833306663656161383464386234383065313162643766383066636437306634313431
32613630313664356230386131303231383036386131393838666531616463613436343163363935
32333864666133626266353363396536376238373637666662616536333137303832663930316530
39343439323439366333383337363265356335356232633664643030386464633830383162646237
39623634653733643939383961643065663363343330313634363039363961323338623561653830
63613564306363323031366333356335663865666364626530616565383834316665313439353166
32623461393762663732393335626138636566616636303832643339623334626237396366383133
37313463653430623937633333616565626161353738356535363766393236636131306334316438
39613932333166316562633663343038353033306165636361383265393230666230343238333433
32633464616331386138356535666562663866313766376134373862643934343762626361636461
37383038633631383963353832346238643966313735326266626261366638333961363766323339
34623631313534623634643735393565666231626136396537313162636263303564653965313234
33333863653731303638383737623162323334316132666562363065363163373130393065643331
32376331363764383065616134396633303263663063623331373463346535313139643035656232
3435
