$ANSIBLE_VAULT;1.1;AES256
64383030386333656235373839366533323138636361363864633561393134323165333361626363
3332343430343261366538613235343735366564613033650a376331383232653934353135353061
33616134643066366265646661376261313639663135633136303565313366656336393264323431
3831346636303537620a653462336236356439626437613930333966353732616164323631393361
62393561386561393234376236333166306361376331306235633931356365356236323839393236
32663265326464663361336563666236323632646236643463653338353734386431393566323062
33353161346635646562386238656434323765636166356535666138303865336331636531623135
36363265643434613665333532356239373365376662366230653032316566316431366462386334
66303661646264626262376334383539336131643464303965373933633966663535626233616364
32336632623263323033363339336366366463663833386664633161376665326237613734663236
36636231346462343435303836316630633730376132346134373837633133303462373632303335
63643264666233353566343036666231653939663534656666626465383261303963373163303037
31623934333232643964646132373064393434616633653036356136643637386431626136383032
35616264653161626630663365396661656366343966666134346263656334376138646533323236
37383539343664343464396638653936646365346163323936636236393830616364316466376663
32343366656132336662346530626437313763633266316431353935303564346662393732373163
61326339653662653036356132633863626331613466316633336164323931393539353135396131
66323563333939633631373064636262333862653436653234643335343332643431343862613066
39356262666361643265646562666362343131333835623032643162333639663163643238633066
33316235643664646462623430303530366435353237663534346661633462336261636639366435
34623335633664326430353030353931633439333564306339383662636330393433336430653430
38386261336135303664643135666365633439383862643230376234356437386435376633346133
36353931666562363233373661626332663161333930303832346432353233343633363863613765
33663232663362333534
