$ANSIBLE_VAULT;1.1;AES256
34376433373332383431333533623630613364363666303634393435303239333636663765326364
3161663863333132636565623432313336313238643163610a356265643163306565633261633230
62363463666366323631643866363836303332616639396664366435353437333565323866386533
3730343032326233650a316337363633306538343862326564376639343961306432373664376164
62653936326662366531356637356230313461333962643231616161366266326166613637373763
31666564336536623836633633343765326566623737643163366334356632366438353034623137
63663033323131303232333666643533323763336234306538353363353161383466343736353138
66623130386333623533643466663734336661366431646637636539353031356633656531626364
31626634643461623030656264383135376530333163636432363333303366353065633530643235
62663135653866366631623331356536303530376134653233636565383938613030303163386562
35373365396565656163623437633164333233613632616165313731623665613434363539623838
34306466303565663061366333343633373736623137623337646362663566613830383639313966
32343034653464326366353661666465396339313838316363343762333936316633656432663838
66643664306639643066393265383336376230643365633531303566666664643564316539323534
61666362313637633562356231353338366665363966363636306639306363343335303730623362
30656566626262633761643234316162386130326332386536656366353833613361336236646331
36303435376332306161636130366262613938353639376262653039386266353166316439613937
31373630373761353031616161633965656365343339623136303933306365666233316434373034
61623162346539633135323734643361313865323966373134326466343331333533313031393264
39373965373432383831613730336636643035366135313566633934366230343064303233343130
35366363333263666564663335313565303430653335376466323433316662323563653331393766
37623333323135326136353935363634313833373139333838656636303839376131666565353335
34626563623864306661346139326230323466353665656165643562383434386237653137353338
30613566336236326565633764643863646161323634343534613637316630363834363366653138
3130
