$ANSIBLE_VAULT;1.1;AES256
64663739623431326365313862633865643939393262653363663662356638383366396431383266
3737663361376262373961353633643732653661663537610a333966356339346439666565323936
32646533653833326364343861666330333861633938386639376436376239363830663832373738
3731353635393138620a373232626362653033663039666238636362396435356565656531616534
63303338653232376165373265366539636463343461303334336233356235386461386530636538
64393739636534313839626635323532363935373262373361356535303532656230643465393336
38393062323032656663333964346661313737373732643561663336363733656632373535636534
63656661363336346163623263383936396536616133333763336430323235356334653233373261
38636461623139343066373665643365626538663762313265366332393366353564323034366261
64643161323961313635613463613461383161313333316530356634303734306634376432313034
65653334323030613162353530333765613334633065366565616534626139643962626433363564
39656331396233653032366265363035323538386431376264346166626534303334303062316363
30643463363332313639623532393534623136643463383266306333633337613563306330623234
33313865363465636534393232353037303433326538303366313562383265393233356663343263
35653131656566396431336365373738386365353538366435663632346335616561633131363332
31613737653134373330313932363031363866336439636565316261303063653132313462613064
30643565663732663336363466396461333637653939656663373932613465373235666333343661
35383830643736393064383563633030363865376466363136303666646339333766633161366235
37393933306263336437633633366232363932343036316539336165633433373935373037373332
38613664663037383739636235623831316330323262376637393932306538343534633539373330
37306261626633656234393033626234623533656165306561613233613966353366376364346161
36616466393132346265303739663762306135643834616461636333313663366263323266343466
32613763376562643336623731646232323030343334303539353739373638336264353264396162
36386464306136666461626232336363323436663464623264336234653131386539373236303334
6161
