$ANSIBLE_VAULT;1.1;AES256
38633063363161373839333631306237316636663466313166643930633263653166323766626435
6638363361326635323566383735656164323831373962630a393531613938633338343764656361
33343335663835653739646465623539616632393833356663343936383734323365323861653334
3235383164336562390a646563393637393937353639323963663132333039373666656630363939
63383662613933373363633463346261343834343530326230306530653931643966326365616334
35333664363565643837383765663562373166396533383765386565303637386261666165306661
38383965626333653261313635393738396332663837333838636432393566663731643334653238
39623736386630303532663539323934313530306538623039663936653661363934613735313964
33663436366137323833326437613062636662643031376337383430333233653331313463656239
31393464313131343539613136323531643165393266316636323233646435613533393832386230
65656462393232326266383966663438623066393033373135316337663361303336336361313564
66353361663737366666353331623962613735663635346638313163623734666161643864343265
34326533303333383033373566656265346439353238633166643335666230336139613633633165
33383931373061616437346162366161633739343432313639333033666366653930626635666435
32656335656437353436613764363639313239643964306663303163333538366338336130333263
37616361303835613163306432336537353531303363323765383533613462643435653034333763
62383261366538623363303133353137396565613130343834376638353161306534623764333637
34626634656630373764633933613861666234386363666336616537386139633664653364373037
64623237663163613131633534666565336438646235333662303661353065323964666461366561
33636336633634316262376130363739663363623931393265653165303437626336376661633164
34633531353135346532353166643537636439373134633961393334626566373762303466386230
62313933396532616631343564326163336161336335613137636139643835633366613164643466
37333434626132626365383537353230376432326231613638613963316465343731363337323732
64346465613531376363613838333439653035663061326462353238616137653761633261323934
36666162663466646366633937636661376631393135396333313937373230666539343536306637
6637383239386566383137353466613130626665353333383364
