$ANSIBLE_VAULT;1.1;AES256
32313331313139656230393431333761653663363037616235396361636134363965643662386336
3734363435636533373431646133643461313636623039300a646238393738316664343235336433
38623164386666356361616236643665393264653037326163653131346338656265303661636337
3434393763383031310a393732613735626238356132616233306631386164323230353436313536
34643636636634303430343261346533666465643366666266343964373162336539356432323662
30326637656532623862643937386330376432326136333163363339313836346237303330643930
63643336346563663764653236643361666130306534666635326534383033666264323238666232
65623031323862353061383562663463623430323237356162303133626138353239373239633435
30653330363963376235633763306264386334653135356139323430643434363663373333386536
63626139323332306165633938346534613364663838646462353134663535646164636238326331
66333838336630306233393637333731643362633162656135646164376532356434363735336531
39613838636163616235386565333163383836303236633933383334336132313164656566386139
34346564386336353234313765666638343133333731306664323333313533313863363433353331
32636462633033353532343931373761646461363765393838336534343766323231303563386263
34396432393438616337356637646265353163363639343334393762303365656338383234643862
61663036346130373562366361363331633563356633306262383438323663393961623764306561
36616130313436313734323233393238663466356330303032373664313733616162646637626464
36613763333834663033303135643265636636663437303365366165326232393131656536363938
31653565323565383265373835363233666631663266626564386637666262393062383333343636
39363738303830346364306164633765383362353966666562386334383234336261316461626331
61353633333566353863353765386538663066636633636364643633333839663135326236396262
36363162303564313665303261653335626164353836303365613537656465373432633162333136
63396430643939633330336461356337343837623330363264396335626235366134646639653037
38333736336365663830323339343663613333333437633561633739643035316439383430396439
39343866363338333832383332643166363834616636656534363634313564643231
