$ANSIBLE_VAULT;1.1;AES256
30613366646561383565653734343133616538303237626630613562386639613165613030356237
3232383562316436346662623164366266353665303230310a623163653739333034313530343431
61343436663636646434653965386265356533663936613662613166373861663935653961386664
3435376336643665640a613536613166626561656131376132306637646230373932306337366530
34616330383539323766613862646166383430373639343037666335373437323736633835383432
62373237613239623761316435316263326438333061653537666366653934363363633361626363
38643663383762613530356237373238313530383834303233653635343338363936383665666634
30393061373435353336666333306232383361313238373436633331616238393661386132323033
38323038333534333364386565343964346365353839366434356633386630613934626665373638
62663933346531396335313061646366363431656530336334363737323861613938323436306232
62306334363963306334323063663434653737326231646438343839343835363839623334663966
33333334393637643936313139356237616631623535656433393938326433363636636161373762
65663761363763336133373761376563613864323336373830663734643235623830303734353565
61336665386466356561653638363034366337663766666530366266626662373137316164373637
35613730623132353533393037396639313333383539323734326230363961353132626538386338
37356238343862353062336433306262353336633766366139383363323334313261613636316665
65303865383962343231623461376361633166316239616437636333333431336436653562383432
64343064323434343230653066363936346338613263623564346138343938356564633537666538
34616362323233323165363561336163633162376332306264323265323034336231623265343336
39363237343336396630343536316564313234363364393666613335663535316438613064363634
62346539646131326136396438623164326564366261646365323962643438643065646565323234
36313936323930343065386165383464643235623930633334386635663834336663383838346237
66333133636637383264383330626362393639343965316463373163616133373531333562303933
64396265623662333535643262623435303539643938336665303833303363666364303562363738
62633361366462663330613362313862633539326431626162666430633364663232
