$ANSIBLE_VAULT;1.1;AES256
34356165393030336637333735643536366338663765366265376339636138393166383064343561
6635636665643430316266313663373666313932396264390a316235393564636134316433343630
62383632303233633961316465366265613532343631623766356435386530623030303264356134
6633626132626231370a653039313034373266396165336262633334333764396165333532303036
31393233363864353965333438643939333337343262386237323933383232636133656639666338
36326465313465323832346162373137313263353739323438643631353332653932653365353331
62653766653063393234646434323638363334333664333930343438626438383533613365323133
64646433393465633562666330356262326162396330313866336630383364366661653236623638
62633661393834333464636430393330376530633937316237396333303531383035373837633739
30613937623235613262623061373761363036643936303764366262626262343533643233643634
35376462626438353764336130383436666634393737376137353165663564613862313361383564
64393064373131393464356439633164346534616537333833323231376661313062316132396434
66633963303066386162346236386466653664666436646336376263313765336132383537393564
61636236656338623531666237346135373438333130343735323238646536633134326663646338
30663032363264373162646436363736373037623734656561353062663539336464633133623637
61663464326635613861316637373336656563626632616466656236343638326539646230616338
30643166303433646361333839363361363464633936616561353461663461353339363637353035
33646662616238393535373037396136643333656663323632366536346266376538636334373862
39666362633964356336646335613138353438393561623762663134313331616331363036626136
63353238386634396563373964363933333239626437616266393835343439336539313130333937
33313765646564666464626361323330386337313835626162613636373964393666353836656661
34316331623931376130336433376162613737343633653530623461356432666362643832363464
30633435333931306365343837346133336162343864393937386565633065343137613331396538
32353863363033323936353933393932393236653638653233376166656434303634653634383965
3761
