$ANSIBLE_VAULT;1.1;AES256
39393437663265323564353130383265613066663466633831396131626133663237343663353761
3034393235306165353262306565396565656634613939610a643935333338323364323163643334
64353464356662613338376338633336646331643962373564326336313166316339663166303766
3432313930613333330a396561626162666266613039306636346635613837393831313635613734
38386131366334336235646665316330643231343631623139383333653165336434306236333137
37316338383666663938363562313033306532656362316533383335306638316665613633653634
64616561326537653032383863613435363637363434393237613331323034336162303332346533
66616439613339393431323530666130306436343863653266613136666538343862393463333161
36333738626162393031313434323031356263666639346634633665633964303366656135346461
34656131373937346638626633386239363132346335336136386336303037623265646232353832
37636634643230303530633363643936343063656365366639383336376436653864386134343536
62303833636533653663353137646264393339396230613233333036356461366335363438323538
64326438353039613862663861323730343366333630626265666161626432613666383163306636
32616635346234383235613033326339636438643333396535376466396664633931303465333833
66376466623432636264643961626334646132623464366465643735613863323235303638653266
35373466623663303466663532386237333833613332383230393737336135343265396536363338
33626338303138643064316136333133633838313637643133343438653261623835306633646639
64323862633265343033616433326636353933363364373232316566326161396338356132386561
30376664316637393463316434396233663033623436653262326331333065376134616536646266
66353239366662396566633831393861316634616632326637346663303633343762646564373030
31383961386635356637386366353765393065386165316230616261313038653832363863363432
32656665643639393736303762323736363965623633633030373864336661343531346564366334
32383935386239313531643838393364393662653762643833346332363938306466303135356333
34366637373331336465393865616133366262303235313630383261373135383330636563363931
6364
