$ANSIBLE_VAULT;1.1;AES256
39346238333236613462353164356137353265636636613534623736643965613632343433653766
3236326331616231666438613636646537396435396537660a306561653330313561326166356665
39623436356337303630353863333163313263353737613062366135383830386139323833663133
3762303131653663630a656236616232316237366333343235303535623863356533316135656666
37336231393433366363663263323539396336393139393632363862386363663331643238316165
35626434643638326534306439383564366465303265613734643637393933373532353766613361
64386130363163343538306535636432613132383966323861623965616562653238313932666331
38643337643030393661336134323834613331616636666561336336623335616338323662336663
34376165623437336665613236306364343230383861383636376537363838643438356331643836
37366437613863666264663864623530373339623831326437643734336338643238666465333837
65306134353430393734626438306136383131373361653132313334643865303339643866626336
39333766666263663435316636633366613666313130656564623238376563306235343234333938
30373436303638336532313465326662383634356635633664313234353438616665396539626165
61633365623930666163396535346130653563376639346336343565343636303863396438393330
31646531366339663331386164613664343436653563373733616464633434363035653035343431
36376262653334353534623763396530303530623466303831623238303736623331633863653931
36383633336534626361333365383732663131323330366534323737396163613435343436623835
63366537666166363162303664326535616631353338363861356537356361373766636330396138
30343335393035646261396532663634343238396332653733353230643935326535396335333861
32323133663865316464396139376138303836313439613630386338646464313362353039313363
62336532613462373237343066316535313764373236653461636538316464393432653539326530
37356161663731653061323665353434653639303936616430393864663933646534393234323831
62633236663933383337386139316364376533326564356534303166346438376663653239383531
39353530623766656465363564613133623936383166663165643361666536383735333961323432
3265
