$ANSIBLE_VAULT;1.1;AES256
31313839356638376562653333613430386564333563306163343639393136333037386231303232
3430376332363436343665393737323266653664653033310a663831616665616335373261373764
65303836316261613963363634633439393930666232336634383030383235363764383238363237
6137343939613733610a636634626632626461623464656331373366666439633932623431646431
38303539353837346334303636333033666531613530353265303265386231633665306266376663
37396365333539396331353230373764366533373931663064626332326638383033626238333261
64353631653763393739383932636634396139393966346433383133653966623938636631313937
66366561353633346364323531626664633539346337653533636166393131383762376535663836
66333364616366383664326238623166383632626132376439323039346563623563616634326530
36343030373832306364333266326537353761316530616236646634623234656233366364653930
61623835636337316438616165363530303336363062323864653864666137383163616162353738
32306462343934623634376432383139663037363931623330333937666662333133366262383231
62636261626338636138656630313530363339353932373035613734356365393338646461663435
34373863303638623565383561643831383330356135666464376361376433373336383466353235
35623030663633353266636465356136626134323834626266653332633561666166356232633166
64633461643730623761343963373839343036313435313439333431653564373963656334353639
36353066633930313333636439393932366665323437306364366363373239316662333764623331
34346463316363383335323033393534656561616233316662303865383933333562393630366131
39313934613737313038366234666336653731646365383533643136353263653563633638613061
39643765396338626331393866383266366563663033643433333161626138336132333964646139
36353533326662326364656438353733616364386231306132303737643431623265633935323230
36663131343732383663663862343137666364363366613062326665333034626339613936353730
62656634323763393133323331616638373562303136633063356232303936643031313436326165
39343764346261386164
