$ANSIBLE_VAULT;1.1;AES256
61653434616331323163396662363337353533363830323237666333313436653336633763376462
3165623930363066663039613362383232343133306134390a353665336361303163346165363339
38333762313463656265316433323263646366323333623266313234613135323430636633623836
3134313434346565650a656233663861623231626561306363333333343234636164666139636139
39366664396163313634376533626564373030663235343732373863626331646262396130396534
30653635626666646665333835366439313539326430333230333065636465346534346161363066
39666237326134613737646239653465633266356432623434356639353034626636373539656165
33633631303061636635313862386564336331303130663837343436663830363331393664313937
65623333383537633339313730643739616235383662303666653834343138646439376661393134
39346537376532306634636564623762343935333063626636313461646630393065323765623238
33373236363566663539623766313837666263313166346666383934613230343638663862653230
35633534623732636233313931623935643361663536383539363963386439363362663832326435
35316635643833666462653234643232343961336637323930383931626535633032316536353064
33636435646462616135396565323633343036343737616564356338343735373632646665656532
65383934356138356336656237333536663162636333633065633931653266663532633864663166
65663438373964646361663662653230666338623032316435306566376234343764653330366338
66613664336335393335616338346135366232326165643137356239393664616331356339396338
64356666323264303135333930323735343930333263633134333136343461336335653136643265
35323662383635323261393330323936373262373266363063316461303766373935386235623363
35366237396435386537303735643032613464643663643562383932636232383032343565363632
33616634643037326237613936633762363237303439636632633634393862336566343934636562
35623564366464373362623163333233613265643536363234386166383866386232363839376232
63623163333761313964346535306662333232353631366634636236386365323035666665363461
62393739353861346131616339613163323937376139306337653431386436306636613639656338
6439
